MTLR;D;20180103;000000;148.1000000;157.1500000;148.0500000;155.7500000;2064478
MTLR;D;20180104;000000;156.4500000;158.9000000;151.0500000;154.2000000;967006
MTLR;D;20180105;000000;153.9000000;155.5500000;153.4000000;154.5000000;543694
MTLR;D;20180109;000000;154.5000000;155.8500000;151.3000000;155.6000000;1156387
MTLR;D;20180110;000000;155.6000000;157.3500000;153.7500000;154.7000000;778369
MTLR;D;20180111;000000;154.7000000;155.3000000;151.0500000;155.0000000;707950
MTLR;D;20180112;000000;154.3500000;156.2000000;151.6500000;152.6500000;521414
MTLR;D;20180115;000000;153.0000000;154.9500000;152.6000000;154.9500000;360443
MTLR;D;20180116;000000;154.5000000;155.0000000;152.1500000;154.0000000;594565
MTLR;D;20180117;000000;153.0000000;153.4000000;148.3000000;150.6500000;898297
MTLR;D;20180118;000000;151.2000000;152.1500000;149.5500000;149.9000000;542912
MTLR;D;20180119;000000;149.9000000;150.4000000;146.2000000;147.0000000;521908
MTLR;D;20180122;000000;147.6500000;155.0000000;147.0000000;153.0000000;1160216
MTLR;D;20180123;000000;153.2500000;159.0000000;152.0500000;154.3000000;1956920
MTLR;D;20180124;000000;153.6000000;154.6000000;152.0500000;152.9500000;451524
MTLR;D;20180125;000000;152.9000000;153.9500000;149.5000000;150.0000000;836264
MTLR;D;20180126;000000;150.5500000;150.9000000;147.5000000;149.2000000;487721
MTLR;D;20180129;000000;148.5500000;150.5000000;145.0000000;145.2000000;597653
MTLR;D;20180130;000000;145.3000000;147.4000000;141.0000000;145.0000000;575610
MTLR;D;20180131;000000;145.6500000;146.8500000;142.3500000;146.0500000;587462
MTLR;D;20180201;000000;145.9500000;149.9500000;145.9500000;147.5500000;604225
MTLR;D;20180202;000000;148.2000000;149.1000000;144.1000000;144.3000000;483098
MTLR;D;20180205;000000;143.9500000;145.3500000;140.4000000;142.3000000;659330
MTLR;D;20180206;000000;138.4500000;139.5000000;132.6000000;135.2500000;1197062
MTLR;D;20180207;000000;136.9500000;138.0000000;135.5000000;136.9000000;425254
MTLR;D;20180208;000000;136.6000000;139.0000000;135.0500000;135.9000000;521799
MTLR;D;20180209;000000;130.9500000;134.8000000;130.8000000;134.0000000;687024
MTLR;D;20180212;000000;134.0000000;139.5000000;133.5000000;138.2500000;617478
MTLR;D;20180213;000000;139.4000000;140.2500000;137.9500000;138.7000000;284988
MTLR;D;20180214;000000;139.1500000;141.6500000;137.1000000;139.7000000;616033
MTLR;D;20180215;000000;141.6500000;148.7500000;141.1000000;147.2500000;1337269
MTLR;D;20180216;000000;147.9000000;151.9000000;144.0000000;145.3000000;1206797
MTLR;D;20180219;000000;145.7000000;149.5000000;145.7000000;146.7000000;441332
MTLR;D;20180220;000000;145.9500000;148.0000000;141.7500000;143.8500000;738590
MTLR;D;20180221;000000;142.7000000;145.7500000;142.4000000;144.3000000;391225
MTLR;D;20180222;000000;143.4000000;149.7000000;143.4000000;147.1500000;1226474
MTLR;D;20180226;000000;147.8500000;150.5000000;146.3000000;148.5000000;685215
MTLR;D;20180227;000000;147.6000000;148.9000000;146.0000000;146.6000000;398912
MTLR;D;20180228;000000;146.5500000;146.6500000;143.1500000;144.0000000;251569
MTLR;D;20180301;000000;143.2500000;145.9000000;142.2000000;145.9000000;390186
MTLR;D;20180302;000000;144.8500000;144.9000000;140.6000000;140.6500000;598891
MTLR;D;20180305;000000;140.7500000;141.8500000;140.0500000;141.0000000;347872
MTLR;D;20180306;000000;141.6000000;142.7000000;139.6000000;140.0000000;338845
MTLR;D;20180307;000000;139.4500000;140.1000000;135.0000000;139.9500000;391669
MTLR;D;20180309;000000;139.3500000;143.2500000;137.9000000;138.2500000;662128
MTLR;D;20180312;000000;140.4000000;140.4500000;136.0500000;136.4500000;760689
MTLR;D;20180313;000000;137.0000000;139.7500000;136.1000000;138.7000000;462768
MTLR;D;20180314;000000;139.4000000;139.4000000;132.3000000;132.3000000;1238140
MTLR;D;20180315;000000;133.9500000;135.6500000;132.3000000;134.8500000;871680
MTLR;D;20180316;000000;134.5500000;136.6000000;133.3500000;136.6000000;691992
MTLR;D;20180319;000000;135.6000000;136.0000000;132.6000000;132.6000000;922616
MTLR;D;20180320;000000;132.9000000;133.9500000;131.6500000;133.6500000;550750
MTLR;D;20180321;000000;134.1000000;137.8500000;133.8000000;136.8000000;788975
MTLR;D;20180322;000000;136.4000000;137.2500000;134.0000000;134.0000000;656719
MTLR;D;20180323;000000;133.3000000;133.8500000;131.6000000;132.6500000;397362
MTLR;D;20180326;000000;132.3000000;133.0500000;129.2500000;129.3000000;417402
MTLR;D;20180327;000000;130.0000000;131.9500000;129.5000000;129.9000000;505932
MTLR;D;20180328;000000;129.6000000;129.9000000;125.3500000;126.5500000;867329
MTLR;D;20180329;000000;126.8000000;129.1500000;126.4000000;127.6000000;416987
MTLR;D;20180330;000000;128.2500000;128.7000000;123.4500000;124.0500000;1694899
MTLR;D;20180402;000000;124.2000000;126.2500000;123.2500000;124.3000000;1244325
MTLR;D;20180403;000000;124.5000000;130.6000000;123.8500000;130.5000000;1439854
MTLR;D;20180404;000000;131.6000000;137.9000000;130.8000000;136.2000000;2837338
MTLR;D;20180405;000000;137.0500000;139.1000000;127.4500000;130.4000000;3268971
MTLR;D;20180406;000000;130.4000000;130.9500000;125.4500000;126.1500000;1115245
MTLR;D;20180409;000000;125.8000000;125.8000000;80.0000000;101.8500000;7437738
MTLR;D;20180410;000000;100.1500000;114.7000000;99.0500000;111.4500000;4293231
MTLR;D;20180411;000000;111.0000000;118.5000000;105.5000000;106.0000000;4035581
MTLR;D;20180412;000000;107.8500000;114.6000000;107.4000000;113.6000000;2039666
MTLR;D;20180413;000000;113.9000000;116.3000000;111.5500000;112.0500000;1272425
MTLR;D;20180416;000000;110.7500000;114.6500000;107.0000000;110.6500000;1055768
MTLR;D;20180417;000000;113.9500000;115.5500000;112.2500000;113.7500000;718631
MTLR;D;20180418;000000;114.0000000;117.4500000;113.7500000;116.1500000;1019403
MTLR;D;20180419;000000;117.3000000;119.0000000;115.1500000;116.1000000;727099
MTLR;D;20180420;000000;116.2000000;124.4500000;115.1000000;122.9500000;2348261
MTLR;D;20180423;000000;123.2000000;125.4000000;120.4500000;121.6500000;1201556
MTLR;D;20180424;000000;121.9000000;123.3000000;120.5000000;121.2000000;504685
MTLR;D;20180425;000000;120.4500000;120.9000000;118.5000000;119.3000000;413302
MTLR;D;20180426;000000;119.4000000;121.3000000;118.9500000;119.9000000;557205
MTLR;D;20180427;000000;120.0000000;121.8000000;119.0500000;120.2000000;416554
MTLR;D;20180428;000000;120.0500000;120.4000000;119.1500000;120.3000000;150850
MTLR;D;20180430;000000;120.3500000;122.0000000;119.5500000;120.2000000;291756
MTLR;D;20180502;000000;120.2000000;120.6500000;118.0000000;118.3500000;589143
MTLR;D;20180503;000000;118.1500000;119.7500000;117.9500000;118.6500000;585979
MTLR;D;20180504;000000;118.7000000;119.3500000;117.4500000;118.6000000;331943
MTLR;D;20180507;000000;118.6500000;119.5500000;118.3000000;118.8000000;252069
MTLR;D;20180508;000000;118.8000000;118.9500000;116.3000000;116.8500000;427789
MTLR;D;20180510;000000;117.1500000;117.9000000;114.5000000;115.2000000;542458
MTLR;D;20180511;000000;115.2500000;117.4500000;114.8500000;116.0000000;523051
MTLR;D;20180514;000000;116.0500000;116.5000000;114.8500000;115.5000000;456562
MTLR;D;20180515;000000;115.6500000;115.6500000;112.7000000;113.3500000;673495
MTLR;D;20180516;000000;113.6000000;113.9500000;112.0000000;113.4500000;486006
MTLR;D;20180517;000000;113.4500000;115.0000000;112.7000000;114.6000000;257023
MTLR;D;20180518;000000;114.6000000;115.8000000;113.7500000;114.3500000;407523
MTLR;D;20180521;000000;114.5500000;115.8000000;113.5500000;113.6000000;328498
MTLR;D;20180522;000000;114.0500000;115.4000000;113.4000000;115.0500000;327798
MTLR;D;20180523;000000;115.0000000;115.3500000;113.5500000;113.8000000;168869
MTLR;D;20180524;000000;113.8000000;115.0000000;108.3500000;108.6000000;1298242
MTLR;D;20180525;000000;108.6000000;111.8500000;106.2000000;110.9000000;911310
MTLR;D;20180528;000000;111.0000000;111.8000000;108.4000000;109.6000000;382038
MTLR;D;20180529;000000;109.8000000;110.4500000;106.8000000;109.0000000;686682
MTLR;D;20180530;000000;108.9000000;110.8000000;108.8000000;110.8000000;318715
MTLR;D;20180531;000000;111.1000000;113.7500000;110.1000000;111.8500000;1049946
MTLR;D;20180601;000000;111.8500000;112.6000000;110.7000000;110.7000000;368696
MTLR;D;20180604;000000;110.4500000;110.7000000;107.7000000;107.8000000;598837
MTLR;D;20180605;000000;107.9000000;110.0000000;106.9500000;108.8000000;696995
MTLR;D;20180606;000000;108.9500000;111.5000000;108.4500000;109.7500000;495639
MTLR;D;20180607;000000;110.5000000;112.3500000;109.3000000;110.6000000;739201
MTLR;D;20180608;000000;110.4000000;110.8000000;108.2500000;109.5500000;430924
MTLR;D;20180609;000000;109.5500000;110.2500000;108.1500000;109.6000000;52936
MTLR;D;20180611;000000;109.8000000;113.9500000;109.1000000;113.9000000;446208
MTLR;D;20180613;000000;113.8500000;115.9500000;112.0000000;113.9500000;798766
MTLR;D;20180614;000000;113.8000000;115.3000000;112.2000000;114.9500000;532438
MTLR;D;20180615;000000;114.8000000;114.8500000;107.3500000;107.3500000;1229426
MTLR;D;20180618;000000;108.0000000;108.7500000;104.3500000;104.9500000;852561
MTLR;D;20180619;000000;104.1500000;104.5500000;97.0000000;100.0500000;1047685
MTLR;D;20180620;000000;101.1000000;104.3500000;100.1500000;103.6500000;879778
MTLR;D;20180621;000000;103.7000000;104.1000000;101.7500000;102.7000000;292683
MTLR;D;20180622;000000;102.8500000;103.1500000;98.7000000;99.4500000;589684
MTLR;D;20180625;000000;99.7000000;100.1000000;95.6000000;95.8500000;600370
MTLR;D;20180626;000000;96.3500000;98.9500000;95.8500000;97.0000000;743168
MTLR;D;20180627;000000;97.0500000;97.9500000;94.3500000;96.3000000;865302
MTLR;D;20180628;000000;96.2500000;96.9000000;94.7000000;96.0500000;426732
MTLR;D;20180629;000000;96.2500000;99.0000000;95.6500000;98.0500000;588605
MTLR;D;20180702;000000;97.9000000;102.3500000;97.0000000;101.3500000;958940
MTLR;D;20180703;000000;101.4500000;102.3500000;99.6000000;100.4000000;469095
MTLR;D;20180704;000000;100.7000000;102.0000000;100.6500000;102.0000000;437619
MTLR;D;20180705;000000;101.5500000;105.8500000;101.5500000;105.5000000;802989
MTLR;D;20180706;000000;106.0000000;106.6500000;104.0000000;105.9000000;495710
MTLR;D;20180709;000000;105.9000000;107.9500000;105.5500000;107.5000000;492432
MTLR;D;20180710;000000;107.5500000;107.9000000;106.1000000;106.3000000;307008
MTLR;D;20180711;000000;106.0500000;106.3000000;103.1500000;103.3500000;449812
MTLR;D;20180712;000000;103.5500000;104.2500000;102.0000000;104.2500000;540329
MTLR;D;20180713;000000;104.2500000;105.4500000;103.2500000;103.5000000;410834
MTLR;D;20180716;000000;103.7500000;104.2000000;101.0500000;101.7500000;479946
MTLR;D;20180717;000000;100.9500000;102.5500000;99.0500000;99.5500000;814667
MTLR;D;20180718;000000;99.6000000;100.3000000;96.1000000;96.2500000;1144652
MTLR;D;20180719;000000;96.4000000;97.7500000;94.7500000;95.2000000;890026
MTLR;D;20180720;000000;95.2000000;98.3500000;92.4000000;95.5000000;1282701
MTLR;D;20180723;000000;95.6000000;99.5000000;95.5000000;97.1000000;660447
MTLR;D;20180724;000000;97.3000000;98.7500000;95.1000000;96.0000000;442899
MTLR;D;20180725;000000;95.9500000;96.8000000;94.5000000;94.8000000;456373
MTLR;D;20180726;000000;94.9500000;96.7500000;94.9500000;95.4000000;305300
MTLR;D;20180727;000000;95.4500000;95.8500000;93.5500000;95.2000000;286916
MTLR;D;20180730;000000;94.9500000;95.4500000;93.7000000;94.1500000;484884
MTLR;D;20180731;000000;94.1000000;94.9500000;92.8000000;92.8000000;377122
MTLR;D;20180801;000000;92.8000000;93.4500000;91.2500000;92.5000000;315069
MTLR;D;20180802;000000;92.6500000;94.5000000;90.8500000;91.1500000;597870
MTLR;D;20180803;000000;91.3500000;93.2500000;90.3500000;92.5500000;437604
MTLR;D;20180806;000000;92.6000000;96.5000000;91.5500000;94.8000000;1304591
MTLR;D;20180807;000000;94.9000000;96.9000000;94.8500000;95.6500000;509370
MTLR;D;20180808;000000;95.6000000;96.3500000;91.3000000;91.3000000;788957
MTLR;D;20180809;000000;91.0000000;93.2500000;82.0000000;93.1500000;1422642
MTLR;D;20180810;000000;91.0000000;93.4500000;88.0000000;88.7000000;887137
MTLR;D;20180813;000000;89.2000000;90.8500000;87.0000000;89.3500000;458969
MTLR;D;20180814;000000;89.5500000;90.8500000;87.0000000;88.3000000;587115
MTLR;D;20180815;000000;88.3500000;89.2000000;84.0000000;84.8500000;804436
MTLR;D;20180816;000000;85.2500000;87.1500000;84.0000000;86.3000000;453998
MTLR;D;20180817;000000;86.3500000;88.0000000;85.6000000;86.7500000;348108
MTLR;D;20180820;000000;86.7500000;88.4500000;86.2500000;88.2500000;271894
MTLR;D;20180821;000000;88.3500000;89.2000000;86.6500000;88.8500000;466859
MTLR;D;20180822;000000;89.3000000;94.5000000;87.8500000;92.1500000;1564852
MTLR;D;20180823;000000;92.6500000;96.2500000;90.6500000;95.3000000;954270
MTLR;D;20180824;000000;95.3500000;97.0000000;93.2000000;95.1000000;752525
MTLR;D;20180827;000000;95.1500000;97.8500000;93.0500000;93.6000000;533352
MTLR;D;20180828;000000;93.8500000;96.7000000;92.1000000;93.4500000;518474
MTLR;D;20180829;000000;93.6000000;94.8500000;92.6500000;93.3000000;335950
MTLR;D;20180830;000000;93.1500000;93.8000000;90.7000000;91.2500000;349940
MTLR;D;20180831;000000;91.3000000;91.7500000;89.0500000;89.2500000;482764
MTLR;D;20180903;000000;89.3500000;90.8000000;88.3500000;88.5000000;419391
MTLR;D;20180904;000000;88.4000000;89.5000000;86.7000000;87.5500000;366558
MTLR;D;20180905;000000;87.3500000;87.5000000;85.3500000;85.7500000;450290
MTLR;D;20180906;000000;85.4500000;86.0000000;84.0000000;84.0000000;431689
MTLR;D;20180907;000000;84.1500000;84.3000000;82.1500000;83.2000000;476112
MTLR;D;20180910;000000;83.3500000;87.9000000;83.0000000;84.5500000;764342
MTLR;D;20180911;000000;85.0500000;85.5500000;81.6500000;82.0000000;572490
MTLR;D;20180912;000000;82.2500000;86.3000000;82.2500000;84.7500000;675145
MTLR;D;20180913;000000;85.5000000;87.8000000;84.9000000;86.3500000;492650
MTLR;D;20180914;000000;86.7000000;87.4000000;84.5000000;84.8000000;547395
MTLR;D;20180917;000000;84.8000000;88.9500000;84.5000000;88.0000000;530424
MTLR;D;20180918;000000;88.0000000;90.5000000;87.4000000;89.3000000;685685
MTLR;D;20180919;000000;89.6000000;99.9500000;89.5500000;99.9500000;2588076
MTLR;D;20180920;000000;100.2000000;115.8500000;100.1500000;110.3000000;7642781
MTLR;D;20180921;000000;112.3000000;113.8500000;103.5500000;104.6000000;4889581
MTLR;D;20180924;000000;105.9000000;111.3000000;104.6000000;108.0500000;2358506
MTLR;D;20180925;000000;109.4500000;109.9500000;104.8000000;105.6000000;1189585
MTLR;D;20180926;000000;105.5500000;106.8000000;104.0000000;104.2000000;689862
MTLR;D;20180927;000000;104.2000000;104.2500000;100.0000000;100.4500000;1322529
MTLR;D;20180928;000000;99.4000000;107.9000000;99.3000000;105.3500000;1639101
MTLR;D;20181001;000000;105.9500000;107.6500000;103.1000000;103.9500000;554860
MTLR;D;20181002;000000;104.3500000;107.0000000;102.0000000;105.2500000;966036
MTLR;D;20181003;000000;105.8000000;109.5500000;105.0500000;106.2500000;1194124
MTLR;D;20181004;000000;106.4000000;107.3000000;104.2000000;105.0000000;640103
MTLR;D;20181005;000000;104.9000000;105.9000000;103.1000000;105.3000000;592915
MTLR;D;20181008;000000;105.0000000;106.5000000;104.9000000;105.4500000;392108
MTLR;D;20181009;000000;106.3000000;108.5500000;105.2000000;105.4500000;762924
MTLR;D;20181010;000000;105.9500000;106.2500000;102.5500000;102.6000000;634650
MTLR;D;20181011;000000;100.5500000;101.8000000;96.0500000;99.1000000;1216122
MTLR;D;20181012;000000;100.0500000;102.8500000;100.0000000;102.2000000;425558
MTLR;D;20181015;000000;102.4000000;105.9000000;102.0000000;103.2500000;804400
MTLR;D;20181016;000000;102.9500000;105.0000000;102.9500000;103.8500000;297860
MTLR;D;20181017;000000;104.5000000;104.8500000;102.1000000;102.5500000;653475
MTLR;D;20181018;000000;102.1500000;103.7500000;99.2500000;100.5000000;622169
MTLR;D;20181019;000000;99.9500000;101.6500000;99.5000000;100.0000000;424825
MTLR;D;20181022;000000;100.3500000;101.5000000;97.1000000;97.4500000;418234
MTLR;D;20181023;000000;97.4500000;99.1500000;93.2500000;95.4000000;894248
MTLR;D;20181024;000000;95.6000000;99.3000000;93.7000000;94.2000000;1061860
MTLR;D;20181025;000000;94.1000000;94.2000000;92.0000000;92.5000000;697666
MTLR;D;20181026;000000;91.8000000;92.4500000;88.7000000;89.4000000;564839
MTLR;D;20181029;000000;89.0500000;93.9000000;89.0000000;92.1000000;732597
MTLR;D;20181030;000000;92.4000000;92.4000000;89.6000000;91.3500000;321922
MTLR;D;20181031;000000;91.4500000;92.9500000;90.3000000;92.1000000;443249
MTLR;D;20181101;000000;92.1500000;92.7000000;90.2500000;91.2500000;774629
MTLR;D;20181102;000000;91.4000000;92.8800000;91.0100000;91.1500000;374406
MTLR;D;20181106;000000;91.5500000;93.5000000;91.5200000;92.2700000;508272
MTLR;D;20181107;000000;92.5000000;92.9600000;91.1500000;91.1500000;751096
MTLR;D;20181108;000000;91.2700000;92.2800000;90.1000000;90.1900000;729926
MTLR;D;20181109;000000;90.1100000;91.1500000;89.5900000;89.7200000;409965
MTLR;D;20181112;000000;89.6400000;92.3900000;89.6400000;91.9000000;584830
MTLR;D;20181113;000000;91.4100000;92.9000000;90.6000000;91.2000000;419922
MTLR;D;20181114;000000;91.0000000;93.6300000;89.9600000;93.5000000;816643
MTLR;D;20181115;000000;93.7100000;98.7500000;93.7000000;97.1700000;2358143
MTLR;D;20181116;000000;97.5900000;99.9800000;96.0500000;97.1000000;850514
MTLR;D;20181119;000000;97.1400000;97.1400000;94.2000000;94.2900000;781423
MTLR;D;20181120;000000;93.9900000;94.2700000;92.0000000;92.5000000;513829
MTLR;D;20181121;000000;92.5000000;97.0000000;92.0400000;96.1200000;1057157
MTLR;D;20181122;000000;96.1300000;97.4600000;94.0000000;95.0100000;759494
MTLR;D;20181123;000000;95.0000000;95.0100000;92.1500000;93.0500000;629709
MTLR;D;20181126;000000;93.2200000;93.8600000;90.0300000;93.2500000;705427
MTLR;D;20181127;000000;93.5200000;96.9000000;90.0000000;91.0400000;2420851
MTLR;D;20181128;000000;90.0000000;91.8300000;89.0500000;90.1700000;922580
MTLR;D;20181129;000000;90.0100000;92.8800000;90.0000000;91.4900000;700015
MTLR;D;20181130;000000;91.1900000;91.6100000;90.4600000;90.8000000;417267
MTLR;D;20181203;000000;91.0100000;92.7400000;90.6000000;90.8900000;673561
MTLR;D;20181204;000000;91.1300000;91.1300000;89.6900000;89.9500000;691507
MTLR;D;20181205;000000;89.6900000;90.5000000;89.0000000;89.9400000;441226
MTLR;D;20181206;000000;89.7800000;89.7900000;87.1000000;87.1000000;1324050
MTLR;D;20181207;000000;87.3500000;88.4700000;86.5900000;86.8600000;906867
MTLR;D;20181210;000000;86.7800000;87.8000000;84.0900000;85.0000000;776103
MTLR;D;20181211;000000;85.1300000;85.7000000;84.0900000;84.0900000;548906
MTLR;D;20181212;000000;84.2200000;84.8200000;83.5000000;83.9000000;533567
MTLR;D;20181213;000000;84.0000000;85.3700000;83.9900000;84.2500000;479502
MTLR;D;20181214;000000;84.4200000;84.8100000;82.3600000;82.8500000;556187
MTLR;D;20181217;000000;82.5300000;84.8600000;82.0100000;82.1500000;792796
MTLR;D;20181218;000000;82.1000000;82.4400000;80.2600000;80.7000000;1329439
MTLR;D;20181219;000000;80.6500000;81.1800000;79.6500000;79.9000000;688096
MTLR;D;20181220;000000;79.4800000;79.4800000;77.1300000;77.5000000;1207485
MTLR;D;20181221;000000;77.3800000;80.1500000;77.2200000;79.7200000;1256374
MTLR;D;20181224;000000;78.8800000;79.1300000;77.0500000;77.1000000;757541
MTLR;D;20181225;000000;76.8900000;76.8900000;73.1100000;74.4400000;1359588
MTLR;D;20181226;000000;74.6100000;74.9500000;73.9100000;74.0000000;548122
MTLR;D;20181227;000000;74.7100000;75.4800000;72.9000000;72.9100000;1207107
MTLR;D;20181228;000000;73.3100000;73.9700000;72.5000000;72.8300000;722360
MTLR;D;20181229;000000;73.0000000;74.9600000;73.0000000;74.0300000;613975
MTLR;D;20190103;000000;73.8900000;74.4700000;73.0600000;73.1200000;391375
MTLR;D;20190104;000000;73.3100000;74.8900000;73.2100000;73.6800000;462658
MTLR;D;20190108;000000;74.4700000;74.8900000;73.5000000;73.7400000;406304
MTLR;D;20190109;000000;74.0200000;74.6200000;73.8200000;73.9300000;651998
MTLR;D;20190110;000000;73.9600000;74.7800000;73.9000000;74.4000000;340069
